2
3
4
5
6
9
10
11
13
14
16
17
18
19
20
21
22
23
25
26
27
29
30
32
33
35
37
38
39
40
43
44
47
48
50
51
52
53
54
58
61
65
69
70
75
77
79
80
82
84
87
88
90
92
93
95
98
100
102
103
106
109
110
112
113
115
116
117
118
119
120
121
124
126
127
129
131
132
133
134
135
136
137
138
140
141
142
143
144
145
146
147
149
151
152
153
154
155
156
157
158
159
160
161
162
164
165
166
167
168
169
170
171
175
176
177
179
181
182
184
185
187
188
189
191
192
194
195
196
198
200
202
203
204
205
206
210
211
214
216
219
221
222
223
224
228
230
233
234
238
239
240
241
242
245
248
249
252
258
259
260
261
262
263
264
265
267
268
269
271
272
274
276
278
280
281
282
283
284
286
288
289
290
291
292
294
297
299
302
305
308
311
312
318
319
320
321
322
325
327
330
334
335
337
338
342
343
349
360
361
369
372
376
377
378
385
387
388
389
390
414
421
426
432
